
    #  Name                 Value  Wgt Tp Adj  Sht   Dice       AC  Wr Mg Qst
--------------------------------------------------------------------------------
  100. custom sharp         075000 005 00 +4   0150   4d4  +4   000 20 00 000
  101. custom thrust        075000 005 01 +4   0150   4d4  +4   000 20 00 000
  102. custom blunt         075000 005 02 +4   0150   4d4  +4   000 20 00 000
  103. custom pole          075000 005 03 +4   0150   4d4  +4   000 20 00 000
  104. custom missile       075000 005 04 +4   0150   4d4  +4   000 20 00 000
  105. custom armor         075000 018 05 +1   0075   0d0  +0   020 01 00 000
  106. custom sleeves       025000 008 05 +1   0075   0d0  +0   010 02 00 000
  107. custom leggings      025000 008 05 +1   0075   0d0  +0   010 03 00 000
  108. custom helmet        025000 008 05 +1   0075   0d0  +0   015 07 00 000
  109. custom ring          015000 001 05 +1   0500   0d0  +0   003 09 00 000
  110. custom cape          015000 002 05 +1   0075   0d0  +0   005 04 00 000
  111. custom shield        050000 005 05 +1   0075   0d0  +0   010 18 00 000
  112. custom boots         020000 006 05 +1   0075   0d0  +0   010 08 00 000
  113. custom gloves        020000 006 05 +1   0075   0d0  +0   010 06 00 000
