    #  Name                 Value  Wgt Tp Adj  Sht   Dice       AC  Wr Mg Qst
--------------------------------------------------------------------------------
   63. red and blue scroll  000001 001 07 +0   0000   0d0  +0   000 17 42 000
 1001. silver-tubed scroll  000001 005 07 +0   0000   0d0  +0   000 17 01 000
 1002. chalky parchment     000001 001 07 +0   0000   0d0  +0   000 17 02 000
 1003. fluorescent scroll   000001 001 07 +0   0001   0d0  +0   000 17 03 000
 1004. orangish scroll      000001 001 07 +0   0000   0d0  +0   000 17 04 000
 1005. opaline scroll       000001 001 07 +0   0001   0d0  +0   000 17 05 000
 1006. velvet red scroll    000001 001 07 +0   0001   0d0  +0   000 17 06 000
 1007. scorched scroll      000001 001 07 +0   0001   0d0  +0   000 17 07 000
 1008. prizmatic scroll     000001 002 07 +0   0001   0d0  +0   000 17 08 005
 1009. paper parchament     000001 001 07 +0   0000   0d0  +0   000 17 09 000
 1010. platinum-tubed parch 000001 001 07 +0   0000   0d0  +0   000 17 10 013
 1011. ebony scroll         000001 001 07 +0   0000   0d0  +0   000 17 11 000
 1012. jewel encrusted scro 000001 004 07 +0   0000   0d0  +0   000 17 12 000
 1013. crimson scroll       000001 001 07 +0   0000   0d0  +0   000 17 13 000
 1014. wheat-colored scroll 000001 001 07 +0   0000   0d0  +0   000 17 14 010
 1015. paper parchament     000001 001 07 +0   0000   0d0  +0   000 17 15 000
 1016. paper parchament     000001 001 07 +0   0000   0d0  +0   000 17 16 000
 1017. paper parchament     000001 001 07 +0   0000   0d0  +0   000 17 17 000
 1018. red beckoning scroll 000001 001 07 +0   0000   0d0  +0   000 17 18 000
 1019. rotting parchment    000200 001 07 +0   0000   0d0  +0   000 17 19 000
 1020. paper parchament     000001 001 07 +0   0000   0d0  +0   000 17 20 000
 1021. redvine scroll       000001 001 07 +0   0000   0d0  +0   000 17 21 000
 1022. hippogriff's crown   000001 001 07 +0   0001   0d0  +0   000 17 22 000
 1023. asbestus scroll      000001 002 07 +0   0001   0d0  +0   000 17 23 000
 1024. winged unicorn feath 000001 001 07 +0   0000   0d0  +0   000 17 24 000
 1025. paper parchament     000001 001 07 +0   0000   0d0  +0   000 17 25 000
 1026. cream scroll         000001 001 07 +0   0000   0d0  +0   000 17 26 000
 1027. drab scroll          000001 001 07 +0   0000   0d0  +0   000 17 27 000
 1028. burgandy scroll      000001 001 07 +0   0000   0d0  +0   000 17 28 000
 1029. indigo scroll        000001 001 07 +0   0000   0d0  +0   000 17 29 000
 1030. dust-covered scroll  000005 001 07 +0   0001   0d0  +0   000 17 30 000
 1031. dampened scroll      000001 001 07 +0   0001   0d0  +0   000 17 31 000
 1032. earthen tablet       000001 001 07 +0   0001   0d0  +0   000 17 32 000
 1033. obsidian scroll      000001 001 07 +0   0000   0d0  +0   000 17 33 000
 1034. fiery parchment      000001 001 07 +0   0001   0d0  +0   000 17 34 000
 1035. marbled blue scroll  000001 001 07 +0   0000   0d0  +0   000 17 35 000
 1036. ancient scroll       000001 002 07 +0   0000   0d0  +0   000 17 36 006
 1037. scarlet scroll       000001 001 07 +0   0000   0d0  +0   000 17 37 004
 1038. slate gray parchment 000001 001 07 +0   0000   0d0  +0   000 17 38 011
 1039. giant's journal      000001 005 07 +0   0000   0d0  +0   000 17 39 009
 1040. paper parchament     000001 001 07 +0   0000   0d0  +0   000 17 40 000
 1041. flaming scroll       000012 001 07 +0   0001   0d0  +0   000 17 41 002
 1042. paper parchament     000001 001 07 +0   0000   0d0  +0   000 17 42 000
 1043. paper parchament     000001 001 07 +0   0000   0d0  +0   000 17 43 000
 1044. alask scroll         000001 001 07 +0   0000   0d0  +0   000 17 94 000
 1045. triton scroll        000001 004 07 +0   0000   0d0  +0   000 17 45 000
 1046. paper parchament     000001 001 07 +0   0000   0d0  +0   000 17 46 000
 1047. golden scroll        000001 001 07 +0   0000   0d0  +0   000 17 47 000
 1048. paper parchament     000001 001 07 +0   0000   0d0  +0   000 17 48 000
 1049. putrescent scroll    000001 003 07 +0   0001   0d0  +0   000 17 49 000

    #  Name                 Value  Wgt Tp Adj Sht   Dice       AC  Wr Mg Qst
--------------------------------------------------------------------------------
 1050. paper parchament     000001 001 07 +0   0000   0d0  +0   000 17 50 000
 1051. paper parchament     000001 001 07 +0   0000   0d0  +0   000 17 51 000
 1052. paper parchament     000001 001 07 +0   0000   0d0  +0   000 17 52 000
 1053. paper parchament     000001 001 07 +0   0000   0d0  +0   000 17 53 000
 1054. paper parchament     000001 001 07 +0   0000   0d0  +0   000 17 54 000
 1055. paper parchament     000001 001 07 +0   0000   0d0  +0   000 17 55 000
 1056. paper parchament     000001 001 07 +0   0000   0d0  +0   000 17 56 000
 1057. paper parchament     000001 001 07 +0   0000   0d0  +0   000 17 57 000
 1058. paper parchament     000001 001 07 +0   0000   0d0  +0   000 17 58 000
 1059. Sielwolf's scroll    000001 000 07 +0   0000   0d0  +0   000 17 59 003
 1060. ancient scorched tom 000001 000 07 +0   0000   0d0  +0   000 17 60 001
 1061. paper parchament     000001 001 07 +0   0000   0d0  +0   000 17 61 000
 1062. paper parchament     000001 001 07 +0   0000   0d0  +0   000 17 62 000
 1063. paper parchament     000001 001 07 +0   0000   0d0  +0   000 17 63 000
 1064. paper parchament     000001 001 07 +0   0000   0d0  +0   000 17 64 000
 1066. burlap scroll        000001 002 07 +0   0001   0d0  +0   000 17 66 000
 1067. paper parchament     000001 001 07 +0   0000   0d0  +0   000 17 67 000
 1068. paper parchament     000001 001 07 +0   0000   0d0  +0   000 17 68 000
 1069. paper parchament     000001 001 07 +0   0000   0d0  +0   000 17 69 000
 1072. misty silk parchment 050000 006 07 +0   0000   0d0  +0   000 17 72 016
 1075. olive and black scro 000001 005 07 +0   0000   0d0  +0   000 17 75 000
 1076. The Book of Planes   050000 015 07 +0   0000   0d0  +0   000 17 76 017
 1081. crackling blue scrol 000001 001 07 +0   0000   0d0  +0   000 17 81 000
 1083. electrostatic scroll 000000 001 07 +0   0000   0d0  +0   000 17 83 000
 1095. royal blue slate     000000 001 07 +0   0000   0d0  +0   000 17 95 021
 2440. crimson scroll       000100 001 07 +0   0001   0d0  +0   000 17 13 000
 3619. citrus leaf          000010 001 07 +0   0001   0d0  +0   000 17 01 000
 3620. aralia leaf          000010 001 07 +0   0001   0d0  +0   000 17 02 000
 3621. hibiscus leaf        000010 001 07 +0   0001   0d0  +0   000 17 03 000
 3622. fire- mahogany leaf  000010 001 07 +0   0001   0d0  +0   000 17 07 000
 3623. hazel leaf           000010 001 07 +0   0001   0d0  +0   000 17 27 000
 3624. goldenoak leaf       000010 001 07 +0   0001   0d0  +0   000 17 28 000
 3625. lotus leaf           000010 001 07 +0   0001   0d0  +0   000 17 29 000
 3626. blue flag leaf       000010 001 07 +0   0001   0d0  +0   000 17 31 000
 3627. yew leaf             000010 001 07 +0   0001   0d0  +0   000 17 32 000
 3628. moip leaf            000010 001 07 +0   0001   0d0  +0   000 17 42 000
 7565. cobalt scroll        000001 001 07 +0   0000   0d0  +0   000 17 65 000
