329 1 5000
331 15 5000
332 2 5000
334 1 5000
335 4 5000
336 1 5000
337 14 5000
338 2 5000
339 2 5000
340 1 5000
341 8 5000
342 1 5000
343 9 5000
344 3 5000
345 3 5000
346 13 10000
347 18 10000
348 12 10000
349 27 10000
350 6 10000
351 37 10000
353 27 10000
355 8 10000
356 7 10000
357 26 10000
358 14 10000
359 11 10000
362 10 10000
363 10 10000
364 43 10000
2 5 10000
3 25 10000
4 38 10000
5 27 10000
6 43 10000
7 7 10000
8 14 10000
9 7 10000
10 18 10000
11 18 10000
12 2 10000
13 37 10000
14 15 10000
15 8 10000
16 2 10000
17 13 10000
18 13 10000
19 14 10000
21 3 10000
23 2 10000
26 10 10000
27 12 10000
28 16 10000
29 22 10000
30 15 10000
31 28 10000
31 1 10000
33 12 10000
34 18 10000
35 39 10000
36 30 10000
37 20 10000
40 50 10000
41 29 10000
42 20 10000
43 15 10000
44 5 10000
45 14 10000
47 13 10000
48 31 10000
50 15 10000
51 20 10000
52 78 10000
53 23 10000
55 42 10000
56 32 10000
57 1 10000
60 11 10000
61 87 10000
62 7 10000
63 50 10000
64 70 10000
65 18 10000
66 50 10000
68 4 10000
73 33 10000
74 37 10000
75 1 10000
77 24 10000
80 7 10000
81 1 10000
82 3 10000
83 9 10000
84 35 10000
85 4 10000
87 2 10000
88 9 10000
89 6 10000
90 30 10000
92 17 10000
93 3 10000
94 1 10000
95 16 10000
96 20 10000
97 37 10000
98 13 10000
99 10 10000
100 29 10000
101 43 10000
102 3 10000
103 1 10000
104 3 10000
106 3 10000
107 13 10000
108 1 10000
109 5 10000
110 10 10000
111 3 10000
112 1 10000
114 1 10000
116 24 10000
118 16 10000
118 26 10000
119 36 10000
121 11 10000
122 1 10000
123 40 10000
124 47 10000
126 9 10000
127 52 10000
128 47 10000
129 56 10000
130 43 10000
131 92 10000
132 5 10000
133 1 10000
134 8 10000
135 9 10000
136 20 10000
137 4 10000
138 2 10000
140 9 10000
141 29 10000
142 29 10000
143 13 10000
144 3 10000
147 6 10000
148 13 10000
150 5 10000
90 26 10000
152 24 10000
153 24 10000
154 6 10000
154 11 10000
155 4 10000
156 9 10000
157 13 10000
158 2 10000
162 14 10000
163 28 10000
164 23 10000
165 9 10000
166 9 10000
172 10 10000
173 7 10000
174 12 10000
175 9 10000
176 9 10000
177 12 10000
179 2 10000
183 9 10000
184 17 10000
185 2 10000
186 30 10000
187 41 10000
188 3 10000
189 4 10000
